{
 "cells": [
  {
   "cell_type": "markdown",
   "metadata": {},
   "source": [
    "### 2\n"
   ]
  },
  {
   "cell_type": "code",
   "execution_count": 37,
   "metadata": {},
   "outputs": [],
   "source": [
    "import numpy as np"
   ]
  },
  {
   "cell_type": "code",
   "execution_count": 38,
   "metadata": {},
   "outputs": [],
   "source": [
    "# вспомогательные методы для вывода векторов и матриц\n",
    "def print_r(matr):\n",
    "    print(np.round(matr, 6))\n",
    "    print()\n",
    "    "
   ]
  },
  {
   "cell_type": "code",
   "execution_count": 50,
   "metadata": {},
   "outputs": [],
   "source": [
    "def create_A(M, N, is_dy):\n",
    "    A = np.zeros((M, N))\n",
    "    for i in range(M):\n",
    "        for j in range(N):\n",
    "            A[i][j] = (i - j) ** 2\n",
    "    if is_dy:\n",
    "        dy = [0, 8, 1, 9, 9, 9]\n",
    "        for i in range(min(6, M)):\n",
    "            A[i][N - 1] = dy[i]\n",
    "    return A\n",
    "\n",
    "\n",
    "def gauss_solve(a, b):\n",
    "    n = b.shape[0]\n",
    "    x = np.empty(n)\n",
    "    x[n - 1] =  b[n - 1] / a[n - 1][n - 1]\n",
    "    diag = n - 2\n",
    "    for i in range(n - 2, -1, -1):\n",
    "        s = b[i]\n",
    "        for j in range(n - 1, diag, -1):\n",
    "            s -= a[i][j] * x[j]\n",
    "        x[i] = s / a[i][i]\n",
    "        diag -= 1\n",
    "    return x\n",
    "\n",
    "\n",
    "def solve(a, b, r):\n",
    "    y = gauss_solve(a[:r, :r], b[:r])\n",
    "    x = np.zeros(a.shape[1])\n",
    "    for i in range(r):\n",
    "        x[i] = y[i]\n",
    "    return x\n",
    "\n",
    "\n",
    "def get_max_norm_col_index(A):\n",
    "    M, N = A.shape\n",
    "    norms = np.empty(N)\n",
    "    index = 0\n",
    "    max_norm = np.linalg.norm(np.array([A[j, 0] for j in range(M)]))\n",
    "    norms[0] = max_norm\n",
    "    for i in range(1, N):\n",
    "        norm = np.linalg.norm(np.array([A[j, i] for j in range(M)]))\n",
    "        norms[i] = norm\n",
    "        if (norm > max_norm):\n",
    "            max_norm = norm\n",
    "            index = i\n",
    "    return index, max_norm, norms\n",
    "\n",
    "\n",
    "def get_householder_vector(x):   \n",
    "    w = x.copy()\n",
    "    w[0] = x[0] + np.copysign(np.linalg.norm(x), x[0])\n",
    "    beta = 2 / (w.T @ w)\n",
    "    return w, beta\n",
    "\n",
    "\n",
    "def get_permutation_matrix(p):\n",
    "    n = len(p)\n",
    "    PI = np.zeros((n, n))\n",
    "    for i in range(n):\n",
    "        PI[i, p[i]] = 1\n",
    "    return PI.T\n",
    "\n",
    "\n",
    "def householder_transform(A, b, to_log, get_Q=False):\n",
    "    m, n = A.shape\n",
    "    R = A.copy()\n",
    "    b_ = b.copy()\n",
    "    p = np.arange(n)\n",
    "    Q_T = np.identity(m)\n",
    "    rank = 0\n",
    "    for j in range(n):\n",
    "        j_max_norm, max_norm, norms = get_max_norm_col_index(R[j:,  j:])\n",
    "        if (to_log):\n",
    "            print('Матрица до зануления столбца:')\n",
    "            print_r(R)\n",
    "            print(f'Нормы столцов подматрицы [{j}, {n}] x [{j}, {n}]:')\n",
    "            print_r(norms)\n",
    "            print(f'макс. норма подматрицы в столбце № {j_max_norm} подматрицы\\nв столбце № {j + j_max_norm} всей матрицы\\n')\n",
    "        if (abs(max_norm) < 1e-10):\n",
    "            break\n",
    "        if (j_max_norm != 0):\n",
    "            j1 = j + j_max_norm\n",
    "            R[:, [j, j1]] = R[:, [j1, j]] \n",
    "            t = p[j]\n",
    "            p[j] = p[j1]\n",
    "            p[j1] = t\n",
    "            if (to_log):\n",
    "                print(f'Меняем столбцы {j} и {j1}, получаем матрицу с переставленными столбцами:')\n",
    "                print_r(R)\n",
    "        elif (to_log):\n",
    "            print('Менять столбцы не нужно')\n",
    "        w, beta = get_householder_vector(R[j:, j, np.newaxis])\n",
    "        R[j:,  j:] -= beta * w @ (R[j:,  j:].T @ w).T\n",
    "        b_[j:] -= beta * w @ (b_[j:].T @ w).T\n",
    "        if (get_Q):\n",
    "            H = np.identity(m)\n",
    "            H[j:, j:] -= beta * (w @ w.T)\n",
    "            Q_T = H @ Q_T\n",
    "        rank = j + 1\n",
    "        if (to_log):\n",
    "            print(f'Матрица с зануленным столбцом {j}:')\n",
    "            print_r(R)\n",
    "            print('Преобразованная правая часть:')\n",
    "            print_r(b_)\n",
    "            print('--------------------------------------------------')\n",
    "    return Q_T.T, R, b_, get_permutation_matrix(p), rank\n",
    "\n",
    "\n",
    "def get_ro(R, x, b, r):\n",
    "    R11 = R[:r, :r]\n",
    "    R12 = R[:r, r:]\n",
    "    y = x[:r]\n",
    "    z = x[r:]\n",
    "    c = b[:r]\n",
    "    d = b[r:]\n",
    "    return np.linalg.norm(R11 @ y + R12 @ z - c) ** 2 + np.linalg.norm(d) ** 2"
   ]
  },
  {
   "cell_type": "code",
   "execution_count": null,
   "metadata": {},
   "outputs": [],
   "source": []
  },
  {
   "cell_type": "code",
   "execution_count": 51,
   "metadata": {
    "scrolled": false
   },
   "outputs": [
    {
     "name": "stdout",
     "output_type": "stream",
     "text": [
      "[[0.681098 0.613541 0.711186 0.009471 0.884938 0.5943  ]\n",
      " [0.53936  0.578949 0.110495 0.673421 0.301186 0.175643]\n",
      " [0.153793 0.22138  0.037745 0.075813 0.791539 0.733877]\n",
      " [0.725287 0.075111 0.343977 0.49953  0.568696 0.420419]\n",
      " [0.207506 0.125499 0.97608  0.047017 0.51796  0.789104]\n",
      " [0.355858 0.434293 0.413568 0.990457 0.468409 0.883762]\n",
      " [0.721349 0.441297 0.066777 0.137559 0.645772 0.576675]\n",
      " [0.913061 0.469082 0.056058 0.774794 0.982149 0.240783]]\n",
      "\n",
      "[ 8.575576  4.903159  7.359846  6.638538  8.236069 10.525246  6.453993\n",
      "  8.038094]\n",
      "\n",
      "Матрица до зануления столбца:\n",
      "[[0.681098 0.613541 0.711186 0.009471 0.884938 0.5943  ]\n",
      " [0.53936  0.578949 0.110495 0.673421 0.301186 0.175643]\n",
      " [0.153793 0.22138  0.037745 0.075813 0.791539 0.733877]\n",
      " [0.725287 0.075111 0.343977 0.49953  0.568696 0.420419]\n",
      " [0.207506 0.125499 0.97608  0.047017 0.51796  0.789104]\n",
      " [0.355858 0.434293 0.413568 0.990457 0.468409 0.883762]\n",
      " [0.721349 0.441297 0.066777 0.137559 0.645772 0.576675]\n",
      " [0.913061 0.469082 0.056058 0.774794 0.982149 0.240783]]\n",
      "\n",
      "Нормы столцов подматрицы [0, 6] x [0, 6]:\n",
      "[1.68173  1.177033 1.33008  1.520298 1.921745 1.701065]\n",
      "\n",
      "макс. норма подматрицы в столбце № 4 подматрицы\n",
      "в столбце № 4 всей матрицы\n",
      "\n",
      "Меняем столбцы 0 и 4, получаем матрицу с переставленными столбцами:\n",
      "[[0.884938 0.613541 0.711186 0.009471 0.681098 0.5943  ]\n",
      " [0.301186 0.578949 0.110495 0.673421 0.53936  0.175643]\n",
      " [0.791539 0.22138  0.037745 0.075813 0.153793 0.733877]\n",
      " [0.568696 0.075111 0.343977 0.49953  0.725287 0.420419]\n",
      " [0.51796  0.125499 0.97608  0.047017 0.207506 0.789104]\n",
      " [0.468409 0.434293 0.413568 0.990457 0.355858 0.883762]\n",
      " [0.645772 0.441297 0.066777 0.137559 0.721349 0.576675]\n",
      " [0.982149 0.469082 0.056058 0.774794 0.913061 0.240783]]\n",
      "\n",
      "Матрица с зануленным столбцом 0:\n",
      "[[-1.921745e+00 -1.014380e+00 -8.771190e-01 -9.852410e-01 -1.527848e+00\n",
      "  -1.472815e+00]\n",
      " [ 0.000000e+00  4.042560e-01 -5.994600e-02  5.666780e-01  3.023170e-01\n",
      "  -4.618000e-02]\n",
      " [ 0.000000e+00 -2.377250e-01 -4.101880e-01 -2.047150e-01 -4.691730e-01\n",
      "   1.509110e-01]\n",
      " [ 0.000000e+00 -2.547420e-01  2.215100e-02  2.979790e-01  2.777060e-01\n",
      "   1.576000e-03]\n",
      " [ 0.000000e+00 -1.749260e-01  6.829660e-01 -1.365530e-01 -2.001450e-01\n",
      "   4.076280e-01]\n",
      " [ 0.000000e+00  1.626090e-01  1.484950e-01  8.244490e-01 -1.279400e-02\n",
      "   5.387800e-01]\n",
      " [ 0.000000e+00  6.673900e-02 -2.986670e-01 -9.130800e-02  2.131060e-01\n",
      "   1.010660e-01]\n",
      " [ 0.000000e+00 -1.005800e-01 -4.997410e-01  4.267130e-01  1.400790e-01\n",
      "  -4.825670e-01]]\n",
      "\n",
      "Преобразованная правая часть:\n",
      "[-20.775395   1.7535    -0.917693   0.691378   2.819488   5.626845\n",
      "  -0.29919   -2.232762]\n",
      "\n",
      "--------------------------------------------------\n",
      "Матрица до зануления столбца:\n",
      "[[-1.921745e+00 -1.014380e+00 -8.771190e-01 -9.852410e-01 -1.527848e+00\n",
      "  -1.472815e+00]\n",
      " [ 0.000000e+00  4.042560e-01 -5.994600e-02  5.666780e-01  3.023170e-01\n",
      "  -4.618000e-02]\n",
      " [ 0.000000e+00 -2.377250e-01 -4.101880e-01 -2.047150e-01 -4.691730e-01\n",
      "   1.509110e-01]\n",
      " [ 0.000000e+00 -2.547420e-01  2.215100e-02  2.979790e-01  2.777060e-01\n",
      "   1.576000e-03]\n",
      " [ 0.000000e+00 -1.749260e-01  6.829660e-01 -1.365530e-01 -2.001450e-01\n",
      "   4.076280e-01]\n",
      " [ 0.000000e+00  1.626090e-01  1.484950e-01  8.244490e-01 -1.279400e-02\n",
      "   5.387800e-01]\n",
      " [ 0.000000e+00  6.673900e-02 -2.986670e-01 -9.130800e-02  2.131060e-01\n",
      "   1.010660e-01]\n",
      " [ 0.000000e+00 -1.005800e-01 -4.997410e-01  4.267130e-01  1.400790e-01\n",
      "  -4.825670e-01]]\n",
      "\n",
      "Нормы столцов подматрицы [1, 6] x [1, 6]:\n",
      "[0.597027 0.999887 1.157846 0.702778 0.85114 ]\n",
      "\n",
      "макс. норма подматрицы в столбце № 2 подматрицы\n",
      "в столбце № 3 всей матрицы\n",
      "\n",
      "Меняем столбцы 1 и 3, получаем матрицу с переставленными столбцами:\n",
      "[[-1.921745e+00 -9.852410e-01 -8.771190e-01 -1.014380e+00 -1.527848e+00\n",
      "  -1.472815e+00]\n",
      " [ 0.000000e+00  5.666780e-01 -5.994600e-02  4.042560e-01  3.023170e-01\n",
      "  -4.618000e-02]\n",
      " [ 0.000000e+00 -2.047150e-01 -4.101880e-01 -2.377250e-01 -4.691730e-01\n",
      "   1.509110e-01]\n",
      " [ 0.000000e+00  2.979790e-01  2.215100e-02 -2.547420e-01  2.777060e-01\n",
      "   1.576000e-03]\n",
      " [ 0.000000e+00 -1.365530e-01  6.829660e-01 -1.749260e-01 -2.001450e-01\n",
      "   4.076280e-01]\n",
      " [ 0.000000e+00  8.244490e-01  1.484950e-01  1.626090e-01 -1.279400e-02\n",
      "   5.387800e-01]\n",
      " [ 0.000000e+00 -9.130800e-02 -2.986670e-01  6.673900e-02  2.131060e-01\n",
      "   1.010660e-01]\n",
      " [ 0.000000e+00  4.267130e-01 -4.997410e-01 -1.005800e-01  1.400790e-01\n",
      "  -4.825670e-01]]\n",
      "\n",
      "Матрица с зануленным столбцом 1:\n",
      "[[-1.921745 -0.985241 -0.877119 -1.01438  -1.527848 -1.472815]\n",
      " [ 0.       -1.157846  0.086546 -0.268411 -0.351697 -0.100872]\n",
      " [ 0.        0.       -0.427578 -0.157874 -0.391536  0.157403]\n",
      " [ 0.       -0.        0.047463 -0.370971  0.164699 -0.007874]\n",
      " [ 0.        0.        0.671366 -0.121663 -0.148358  0.411959]\n",
      " [ 0.       -0.        0.218529 -0.158975 -0.325461  0.512633]\n",
      " [ 0.        0.       -0.306423  0.102355  0.247734  0.103962]\n",
      " [ 0.       -0.       -0.463494 -0.267023 -0.021749 -0.4961  ]]\n",
      "\n",
      "Преобразованная правая часть:\n",
      "[-2.0775395e+01 -4.0732190e+00 -2.2601400e-01 -3.1541600e-01\n",
      "  3.2808640e+00  2.8412470e+00  9.3170000e-03 -3.6745130e+00]\n",
      "\n",
      "--------------------------------------------------\n",
      "Матрица до зануления столбца:\n",
      "[[-1.921745 -0.985241 -0.877119 -1.01438  -1.527848 -1.472815]\n",
      " [ 0.       -1.157846  0.086546 -0.268411 -0.351697 -0.100872]\n",
      " [ 0.        0.       -0.427578 -0.157874 -0.391536  0.157403]\n",
      " [ 0.       -0.        0.047463 -0.370971  0.164699 -0.007874]\n",
      " [ 0.        0.        0.671366 -0.121663 -0.148358  0.411959]\n",
      " [ 0.       -0.        0.218529 -0.158975 -0.325461  0.512633]\n",
      " [ 0.        0.       -0.306423  0.102355  0.247734  0.103962]\n",
      " [ 0.       -0.       -0.463494 -0.267023 -0.021749 -0.4961  ]]\n",
      "\n",
      "Нормы столцов подматрицы [2, 6] x [2, 6]:\n",
      "[0.996135 0.533288 0.608446 0.845141]\n",
      "\n",
      "макс. норма подматрицы в столбце № 0 подматрицы\n",
      "в столбце № 2 всей матрицы\n",
      "\n",
      "Менять столбцы не нужно\n",
      "Матрица с зануленным столбцом 2:\n",
      "[[-1.921745 -0.985241 -0.877119 -1.01438  -1.527848 -1.472815]\n",
      " [ 0.       -1.157846  0.086546 -0.268411 -0.351697 -0.100872]\n",
      " [ 0.        0.        0.996135  0.025975 -0.061565  0.521022]\n",
      " [ 0.       -0.        0.       -0.377101  0.153699 -0.019997]\n",
      " [ 0.        0.        0.       -0.208358 -0.303959  0.240491]\n",
      " [ 0.       -0.        0.       -0.187195 -0.376109  0.45682 ]\n",
      " [ 0.        0.       -0.        0.141924  0.318753  0.182223]\n",
      " [ 0.       -0.       -0.       -0.207171  0.085674 -0.377723]]\n",
      "\n",
      "Преобразованная правая часть:\n",
      "[-20.775395  -4.073219   4.623353  -0.477083   0.994096   2.096906\n",
      "   1.053037  -2.095787]\n",
      "\n",
      "--------------------------------------------------\n",
      "Матрица до зануления столбца:\n",
      "[[-1.921745 -0.985241 -0.877119 -1.01438  -1.527848 -1.472815]\n",
      " [ 0.       -1.157846  0.086546 -0.268411 -0.351697 -0.100872]\n",
      " [ 0.        0.        0.996135  0.025975 -0.061565  0.521022]\n",
      " [ 0.       -0.        0.       -0.377101  0.153699 -0.019997]\n",
      " [ 0.        0.        0.       -0.208358 -0.303959  0.240491]\n",
      " [ 0.       -0.        0.       -0.187195 -0.376109  0.45682 ]\n",
      " [ 0.        0.       -0.        0.141924  0.318753  0.182223]\n",
      " [ 0.       -0.       -0.       -0.207171  0.085674 -0.377723]]\n",
      "\n",
      "Нормы столцов подматрицы [3, 6] x [3, 6]:\n",
      "[0.532656 0.605323 0.665432]\n",
      "\n",
      "макс. норма подматрицы в столбце № 2 подматрицы\n",
      "в столбце № 5 всей матрицы\n",
      "\n",
      "Меняем столбцы 3 и 5, получаем матрицу с переставленными столбцами:\n",
      "[[-1.921745 -0.985241 -0.877119 -1.472815 -1.527848 -1.01438 ]\n",
      " [ 0.       -1.157846  0.086546 -0.100872 -0.351697 -0.268411]\n",
      " [ 0.        0.        0.996135  0.521022 -0.061565  0.025975]\n",
      " [ 0.       -0.        0.       -0.019997  0.153699 -0.377101]\n",
      " [ 0.        0.        0.        0.240491 -0.303959 -0.208358]\n",
      " [ 0.       -0.        0.        0.45682  -0.376109 -0.187195]\n",
      " [ 0.        0.       -0.        0.182223  0.318753  0.141924]\n",
      " [ 0.       -0.       -0.       -0.377723  0.085674 -0.207171]]\n",
      "\n",
      "Матрица с зануленным столбцом 3:\n",
      "[[-1.921745 -0.985241 -0.877119 -1.472815 -1.527848 -1.01438 ]\n",
      " [ 0.       -1.157846  0.086546 -0.100872 -0.351697 -0.268411]\n",
      " [ 0.        0.        0.996135  0.521022 -0.061565  0.025975]\n",
      " [ 0.       -0.        0.        0.665432 -0.334015 -0.036017]\n",
      " [ 0.        0.        0.        0.       -0.132839 -0.328031]\n",
      " [ 0.       -0.        0.        0.       -0.051061 -0.414518]\n",
      " [ 0.        0.       -0.        0.        0.448413  0.051246]\n",
      " [ 0.       -0.       -0.        0.       -0.183093 -0.019208]]\n",
      "\n",
      "Преобразованная правая часть:\n",
      "[-2.0775395e+01 -4.0732190e+00  4.6233530e+00  3.2911450e+00\n",
      " -3.2803100e-01 -4.1451800e-01  5.1246000e-02 -1.9208000e-02]\n",
      "\n",
      "--------------------------------------------------\n",
      "Матрица до зануления столбца:\n",
      "[[-1.921745 -0.985241 -0.877119 -1.472815 -1.527848 -1.01438 ]\n",
      " [ 0.       -1.157846  0.086546 -0.100872 -0.351697 -0.268411]\n",
      " [ 0.        0.        0.996135  0.521022 -0.061565  0.025975]\n",
      " [ 0.       -0.        0.        0.665432 -0.334015 -0.036017]\n",
      " [ 0.        0.        0.        0.       -0.132839 -0.328031]\n",
      " [ 0.       -0.        0.        0.       -0.051061 -0.414518]\n",
      " [ 0.        0.       -0.        0.        0.448413  0.051246]\n",
      " [ 0.       -0.       -0.        0.       -0.183093 -0.019208]]\n",
      "\n",
      "Нормы столцов подматрицы [4, 6] x [4, 6]:\n",
      "[0.504827 0.531436]\n",
      "\n",
      "макс. норма подматрицы в столбце № 1 подматрицы\n",
      "в столбце № 5 всей матрицы\n",
      "\n",
      "Меняем столбцы 4 и 5, получаем матрицу с переставленными столбцами:\n",
      "[[-1.921745 -0.985241 -0.877119 -1.472815 -1.01438  -1.527848]\n",
      " [ 0.       -1.157846  0.086546 -0.100872 -0.268411 -0.351697]\n",
      " [ 0.        0.        0.996135  0.521022  0.025975 -0.061565]\n",
      " [ 0.       -0.        0.        0.665432 -0.036017 -0.334015]\n",
      " [ 0.        0.        0.        0.       -0.328031 -0.132839]\n",
      " [ 0.       -0.        0.        0.       -0.414518 -0.051061]\n",
      " [ 0.        0.       -0.        0.        0.051246  0.448413]\n",
      " [ 0.       -0.       -0.        0.       -0.019208 -0.183093]]\n",
      "\n",
      "Матрица с зануленным столбцом 4:\n",
      "[[-1.921745 -0.985241 -0.877119 -1.472815 -1.01438  -1.527848]\n",
      " [ 0.       -1.157846  0.086546 -0.100872 -0.268411 -0.351697]\n",
      " [ 0.        0.        0.996135  0.521022  0.025975 -0.061565]\n",
      " [ 0.       -0.        0.        0.665432 -0.036017 -0.334015]\n",
      " [ 0.        0.        0.        0.        0.531436  0.171681]\n",
      " [ 0.       -0.        0.        0.        0.        0.095807]\n",
      " [ 0.        0.       -0.        0.       -0.        0.430255]\n",
      " [ 0.       -0.       -0.        0.        0.       -0.176287]]\n",
      "\n",
      "Преобразованная правая часть:\n",
      "[-20.775395  -4.073219   4.623353   3.291145   0.531436  -0.\n",
      "   0.        -0.      ]\n",
      "\n",
      "--------------------------------------------------\n",
      "Матрица до зануления столбца:\n",
      "[[-1.921745 -0.985241 -0.877119 -1.472815 -1.01438  -1.527848]\n",
      " [ 0.       -1.157846  0.086546 -0.100872 -0.268411 -0.351697]\n",
      " [ 0.        0.        0.996135  0.521022  0.025975 -0.061565]\n",
      " [ 0.       -0.        0.        0.665432 -0.036017 -0.334015]\n",
      " [ 0.        0.        0.        0.        0.531436  0.171681]\n",
      " [ 0.       -0.        0.        0.        0.        0.095807]\n",
      " [ 0.        0.       -0.        0.       -0.        0.430255]\n",
      " [ 0.       -0.       -0.        0.        0.       -0.176287]]\n",
      "\n",
      "Нормы столцов подматрицы [5, 6] x [5, 6]:\n",
      "[0.474738]\n",
      "\n",
      "макс. норма подматрицы в столбце № 0 подматрицы\n",
      "в столбце № 5 всей матрицы\n",
      "\n",
      "Менять столбцы не нужно\n",
      "Матрица с зануленным столбцом 5:\n",
      "[[-1.921745 -0.985241 -0.877119 -1.472815 -1.01438  -1.527848]\n",
      " [ 0.       -1.157846  0.086546 -0.100872 -0.268411 -0.351697]\n",
      " [ 0.        0.        0.996135  0.521022  0.025975 -0.061565]\n",
      " [ 0.       -0.        0.        0.665432 -0.036017 -0.334015]\n",
      " [ 0.        0.        0.        0.        0.531436  0.171681]\n",
      " [ 0.       -0.        0.        0.        0.       -0.474738]\n",
      " [ 0.        0.       -0.        0.       -0.       -0.      ]\n",
      " [ 0.       -0.       -0.        0.        0.        0.      ]]\n",
      "\n",
      "Преобразованная правая часть:\n",
      "[-20.775395  -4.073219   4.623353   3.291145   0.531436  -0.\n",
      "   0.        -0.      ]\n",
      "\n",
      "--------------------------------------------------\n",
      "Матрица R\n",
      "[[-1.921745 -0.985241 -0.877119 -1.472815 -1.01438  -1.527848]\n",
      " [ 0.       -1.157846  0.086546 -0.100872 -0.268411 -0.351697]\n",
      " [ 0.        0.        0.996135  0.521022  0.025975 -0.061565]\n",
      " [ 0.       -0.        0.        0.665432 -0.036017 -0.334015]\n",
      " [ 0.        0.        0.        0.        0.531436  0.171681]\n",
      " [ 0.       -0.        0.        0.        0.       -0.474738]\n",
      " [ 0.        0.       -0.        0.       -0.       -0.      ]\n",
      " [ 0.       -0.       -0.        0.        0.        0.      ]]\n",
      "\n",
      "Преобразованная правая часть\n",
      "[-20.775395  -4.073219   4.623353   3.291145   0.531436  -0.\n",
      "   0.        -0.      ]\n",
      "\n",
      "Полученное решение x\n",
      "[0. 1. 2. 3. 4. 5.]\n",
      "\n",
      "Норма невязки\n",
      "0.0\n",
      "\n",
      "--\n"
     ]
    }
   ],
   "source": [
    "N = 6\n",
    "M = N + 2\n",
    "AA = np.random.rand(M, N)\n",
    "xx = np.array([i for i in range(N)])\n",
    "bb = AA @ xx\n",
    "print_r(AA)\n",
    "print_r(bb)\n",
    "#print_r(np.linalg.solve(AA, bb))\n",
    "\n",
    "Q, R, b_, PI, rank = householder_transform(AA, bb, True, True)\n",
    "x_ = solve(R, b_, rank)\n",
    "ro = get_ro(R, x_, b_, rank)\n",
    "print('Матрица R')\n",
    "print_r(R)\n",
    "print('Преобразованная правая часть')\n",
    "print_r(b_)\n",
    "print('Полученное решение x')\n",
    "print_r(PI @ x_)\n",
    "print('Норма невязки')\n",
    "print_r(ro)\n",
    "print('--')"
   ]
  },
  {
   "cell_type": "markdown",
   "metadata": {},
   "source": [
    "#### 0. Тестовые пример с точным решением и пример не имеющего точного решения"
   ]
  },
  {
   "cell_type": "code",
   "execution_count": 60,
   "metadata": {},
   "outputs": [
    {
     "name": "stdout",
     "output_type": "stream",
     "text": [
      "Матрица A\n",
      "[[ 0.  1.  4.  9. 16.  0.]\n",
      " [ 1.  0.  1.  4.  9.  8.]\n",
      " [ 4.  1.  0.  1.  4.  1.]\n",
      " [ 9.  4.  1.  0.  1.  9.]\n",
      " [16.  9.  4.  1.  0.  9.]\n",
      " [25. 16.  9.  4.  1.  9.]\n",
      " [36. 25. 16.  9.  4.  1.]\n",
      " [49. 36. 25. 16.  9.  4.]]\n",
      "\n",
      "Вектор b для задачи с точным решением\n",
      "[ 30.  23.  11.  24.  39.  64.  91. 139.]\n",
      "\n",
      "Вектор b для для задачи не имеющего точного решения (rank(A|b) > rank(A))\n",
      "[  0.  23.  11.  24.  39.  64.  91. 139.]\n",
      "\n",
      "Решение x\n",
      "[1. 1. 1. 1. 1. 1.]\n",
      "\n"
     ]
    }
   ],
   "source": [
    "N = 6\n",
    "M = N + 2\n",
    "A = create_A(M, N, True)\n",
    "x = np.array([1.0 for i in range(N)])\n",
    "b = A @ x\n",
    "b_f = b.copy()\n",
    "b_f[0] = 0\n",
    "\n",
    "print('Матрица A')\n",
    "print_r(A)\n",
    "print('Вектор b для задачи с точным решением')\n",
    "print_r(b)\n",
    "print('Вектор b для для задачи не имеющего точного решения (rank(A|b) > rank(A))')\n",
    "print_r(b_f)\n",
    "print('Решение x')\n",
    "print_r(x)"
   ]
  },
  {
   "cell_type": "markdown",
   "metadata": {},
   "source": [
    "#### 1, 2, 3. Решение СЛАУ в смысле НК"
   ]
  },
  {
   "cell_type": "code",
   "execution_count": 61,
   "metadata": {
    "scrolled": false
   },
   "outputs": [
    {
     "name": "stdout",
     "output_type": "stream",
     "text": [
      "Матрица R\n",
      "[[-68.381284  -9.417782 -10.148976 -30.710157 -47.498377 -18.016626]\n",
      " [  0.       -19.060572  -2.015635  -4.342915  -0.874615 -10.404901]\n",
      " [  0.         0.        14.762639  -4.770853  -3.57814   -3.57814 ]\n",
      " [  0.         0.         0.         3.35623    2.517172   2.517172]\n",
      " [  0.        -0.         0.         0.        -0.        -0.      ]\n",
      " [  0.         0.         0.        -0.        -0.        -0.      ]\n",
      " [  0.         0.        -0.        -0.         0.        -0.      ]\n",
      " [  0.        -0.         0.         0.        -0.         0.      ]]\n",
      "\n",
      "Преобразованная правая часть\n",
      "[-184.173202  -36.698637    2.835506    8.390574    0.         -0.\n",
      "   -0.          0.      ]\n",
      "\n",
      "Ранг матрицы = 4\n",
      "Полученное решение x\n",
      "[1.25 0.   2.5  0.   1.25 1.  ]\n",
      "\n",
      "Норма невязки\n",
      "0.0\n",
      "\n",
      "[0. 0. 0. 0. 0. 0. 0. 0.]\n",
      "\n"
     ]
    }
   ],
   "source": [
    "_, R, b_, PI, rank = householder_transform(A, b, False)\n",
    "x_ = solve(R, b_, rank)\n",
    "ro = get_ro(R, x_, b_, rank)\n",
    "print('Матрица R')\n",
    "print_r(R)\n",
    "print('Преобразованная правая часть')\n",
    "print_r(b_)\n",
    "print(f'Ранг матрицы = {rank}')\n",
    "print('Полученное решение x')\n",
    "print_r(PI @ x_)\n",
    "print('Норма невязки')\n",
    "print_r(ro)\n",
    "print_r(A@x - b)"
   ]
  },
  {
   "cell_type": "code",
   "execution_count": 62,
   "metadata": {},
   "outputs": [
    {
     "name": "stdout",
     "output_type": "stream",
     "text": [
      "Матрица до зануления столбца:\n",
      "[[ 0.  1.  4.  9. 16.  0.]\n",
      " [ 1.  0.  1.  4.  9.  8.]\n",
      " [ 4.  1.  0.  1.  4.  1.]\n",
      " [ 9.  4.  1.  0.  1.  9.]\n",
      " [16.  9.  4.  1.  0.  9.]\n",
      " [25. 16.  9.  4.  1.  9.]\n",
      " [36. 25. 16.  9.  4.  1.]\n",
      " [49. 36. 25. 16.  9.  4.]]\n",
      "\n",
      "Нормы столцов подматрицы [0, 6] x [0, 6]:\n",
      "[68.381284 47.707442 31.559468 21.260292 21.260292 18.027756]\n",
      "\n",
      "макс. норма подматрицы в столбце № 0 подматрицы\n",
      "в столбце № 0 всей матрицы\n",
      "\n",
      "Менять столбцы не нужно\n",
      "Матрица с зануленным столбцом 0:\n",
      "[[-68.381284 -47.498377 -30.710157 -18.016626  -9.417782 -10.148976]\n",
      " [  0.        -0.709235   0.492403   3.604912   8.628293   7.851583]\n",
      " [  0.        -1.836939  -2.030389  -0.580352   2.513173   0.40633 ]\n",
      " [  0.        -2.383112  -3.568376  -3.555792  -2.34536    7.664243]\n",
      " [  0.        -2.347755  -4.121557  -5.321408  -5.947307   6.625321]\n",
      " [  0.        -1.730867  -3.689933  -5.8772    -8.292668   5.289564]\n",
      " [  0.        -0.532448  -2.273504  -5.223169  -9.381441  -4.343028]\n",
      " [  0.         1.247502   0.127731  -3.359313  -9.213628  -3.272455]]\n",
      "\n",
      "Преобразованная правая часть:\n",
      "[-184.173202   20.306672    0.226689   -0.239949   -4.093242   -3.333191\n",
      "   -5.959795    7.026946]\n",
      "\n",
      "--------------------------------------------------\n",
      "Матрица до зануления столбца:\n",
      "[[-68.381284 -47.498377 -30.710157 -18.016626  -9.417782 -10.148976]\n",
      " [  0.        -0.709235   0.492403   3.604912   8.628293   7.851583]\n",
      " [  0.        -1.836939  -2.030389  -0.580352   2.513173   0.40633 ]\n",
      " [  0.        -2.383112  -3.568376  -3.555792  -2.34536    7.664243]\n",
      " [  0.        -2.347755  -4.121557  -5.321408  -5.947307   6.625321]\n",
      " [  0.        -1.730867  -3.689933  -5.8772    -8.292668   5.289564]\n",
      " [  0.        -0.532448  -2.273504  -5.223169  -9.381441  -4.343028]\n",
      " [  0.         1.247502   0.127731  -3.359313  -9.213628  -3.272455]]\n",
      "\n",
      "Нормы столцов подматрицы [1, 6] x [1, 6]:\n",
      "[ 4.461411  7.272292 11.287214 19.060572 14.899607]\n",
      "\n",
      "макс. норма подматрицы в столбце № 3 подматрицы\n",
      "в столбце № 4 всей матрицы\n",
      "\n",
      "Меняем столбцы 1 и 4, получаем матрицу с переставленными столбцами:\n",
      "[[-68.381284  -9.417782 -30.710157 -18.016626 -47.498377 -10.148976]\n",
      " [  0.         8.628293   0.492403   3.604912  -0.709235   7.851583]\n",
      " [  0.         2.513173  -2.030389  -0.580352  -1.836939   0.40633 ]\n",
      " [  0.        -2.34536   -3.568376  -3.555792  -2.383112   7.664243]\n",
      " [  0.        -5.947307  -4.121557  -5.321408  -2.347755   6.625321]\n",
      " [  0.        -8.292668  -3.689933  -5.8772    -1.730867   5.289564]\n",
      " [  0.        -9.381441  -2.273504  -5.223169  -0.532448  -4.343028]\n",
      " [  0.        -9.213628   0.127731  -3.359313   1.247502  -3.272455]]\n",
      "\n",
      "Матрица с зануленным столбцом 1:\n",
      "[[-6.8381284e+01 -9.4177820e+00 -3.0710157e+01 -1.8016626e+01\n",
      "  -4.7498377e+01 -1.0148976e+01]\n",
      " [ 0.0000000e+00 -1.9060572e+01 -4.3429150e+00 -1.0404901e+01\n",
      "  -8.7461500e-01 -2.0156350e+00]\n",
      " [ 0.0000000e+00  0.0000000e+00 -2.4692660e+00 -1.8519490e+00\n",
      "  -1.8519490e+00 -4.8926500e-01]\n",
      " [ 0.0000000e+00  0.0000000e+00 -3.1588050e+00 -2.3691040e+00\n",
      "  -2.3691040e+00  8.5000370e+00]\n",
      " [ 0.0000000e+00 -0.0000000e+00 -3.0829770e+00 -2.3122330e+00\n",
      "  -2.3122330e+00  8.7447060e+00]\n",
      " [ 0.0000000e+00  0.0000000e+00 -2.2417810e+00 -1.6813360e+00\n",
      "  -1.6813360e+00  8.2447430e+00]\n",
      " [ 0.0000000e+00  0.0000000e+00 -6.3521900e-01 -4.7641400e-01\n",
      "  -4.7641400e-01 -9.9985300e-01]\n",
      " [ 0.0000000e+00 -0.0000000e+00  1.7367100e+00  1.3025330e+00\n",
      "   1.3025330e+00  1.0918000e-02]]\n",
      "\n",
      "Преобразованная правая часть:\n",
      "[-184.173202  -11.515762   -2.661666    2.455542    2.741917    6.197459\n",
      "    4.822168   17.616043]\n",
      "\n",
      "--------------------------------------------------\n",
      "Матрица до зануления столбца:\n",
      "[[-6.8381284e+01 -9.4177820e+00 -3.0710157e+01 -1.8016626e+01\n",
      "  -4.7498377e+01 -1.0148976e+01]\n",
      " [ 0.0000000e+00 -1.9060572e+01 -4.3429150e+00 -1.0404901e+01\n",
      "  -8.7461500e-01 -2.0156350e+00]\n",
      " [ 0.0000000e+00  0.0000000e+00 -2.4692660e+00 -1.8519490e+00\n",
      "  -1.8519490e+00 -4.8926500e-01]\n",
      " [ 0.0000000e+00  0.0000000e+00 -3.1588050e+00 -2.3691040e+00\n",
      "  -2.3691040e+00  8.5000370e+00]\n",
      " [ 0.0000000e+00 -0.0000000e+00 -3.0829770e+00 -2.3122330e+00\n",
      "  -2.3122330e+00  8.7447060e+00]\n",
      " [ 0.0000000e+00  0.0000000e+00 -2.2417810e+00 -1.6813360e+00\n",
      "  -1.6813360e+00  8.2447430e+00]\n",
      " [ 0.0000000e+00  0.0000000e+00 -6.3521900e-01 -4.7641400e-01\n",
      "  -4.7641400e-01 -9.9985300e-01]\n",
      " [ 0.0000000e+00 -0.0000000e+00  1.7367100e+00  1.3025330e+00\n",
      "   1.3025330e+00  1.0918000e-02]]\n",
      "\n",
      "Нормы столцов подматрицы [2, 6] x [2, 6]:\n",
      "[ 5.833122  4.374842  4.374842 14.762639]\n",
      "\n",
      "макс. норма подматрицы в столбце № 3 подматрицы\n",
      "в столбце № 5 всей матрицы\n",
      "\n",
      "Меняем столбцы 2 и 5, получаем матрицу с переставленными столбцами:\n",
      "[[-6.8381284e+01 -9.4177820e+00 -1.0148976e+01 -1.8016626e+01\n",
      "  -4.7498377e+01 -3.0710157e+01]\n",
      " [ 0.0000000e+00 -1.9060572e+01 -2.0156350e+00 -1.0404901e+01\n",
      "  -8.7461500e-01 -4.3429150e+00]\n",
      " [ 0.0000000e+00  0.0000000e+00 -4.8926500e-01 -1.8519490e+00\n",
      "  -1.8519490e+00 -2.4692660e+00]\n",
      " [ 0.0000000e+00  0.0000000e+00  8.5000370e+00 -2.3691040e+00\n",
      "  -2.3691040e+00 -3.1588050e+00]\n",
      " [ 0.0000000e+00 -0.0000000e+00  8.7447060e+00 -2.3122330e+00\n",
      "  -2.3122330e+00 -3.0829770e+00]\n",
      " [ 0.0000000e+00  0.0000000e+00  8.2447430e+00 -1.6813360e+00\n",
      "  -1.6813360e+00 -2.2417810e+00]\n",
      " [ 0.0000000e+00  0.0000000e+00 -9.9985300e-01 -4.7641400e-01\n",
      "  -4.7641400e-01 -6.3521900e-01]\n",
      " [ 0.0000000e+00 -0.0000000e+00  1.0918000e-02  1.3025330e+00\n",
      "   1.3025330e+00  1.7367100e+00]]\n",
      "\n",
      "Матрица с зануленным столбцом 2:\n",
      "[[-68.381284  -9.417782 -10.148976 -18.016626 -47.498377 -30.710157]\n",
      " [  0.       -19.060572  -2.015635 -10.404901  -0.874615  -4.342915]\n",
      " [  0.         0.        14.762639  -3.57814   -3.57814   -4.770853]\n",
      " [  0.         0.         0.        -1.407081  -1.407081  -1.876108]\n",
      " [  0.        -0.         0.        -1.322518  -1.322518  -1.763358]\n",
      " [  0.         0.         0.        -0.748207  -0.748207  -0.997609]\n",
      " [  0.         0.        -0.        -0.589576  -0.589576  -0.786102]\n",
      " [  0.        -0.         0.         1.303768   1.303768   1.738358]]\n",
      "\n",
      "Преобразованная правая часть:\n",
      "[-184.173202  -11.515762    6.273882   -2.524327   -2.381295    1.367157\n",
      "    5.407946   17.609647]\n",
      "\n",
      "--------------------------------------------------\n",
      "Матрица до зануления столбца:\n",
      "[[-68.381284  -9.417782 -10.148976 -18.016626 -47.498377 -30.710157]\n",
      " [  0.       -19.060572  -2.015635 -10.404901  -0.874615  -4.342915]\n",
      " [  0.         0.        14.762639  -3.57814   -3.57814   -4.770853]\n",
      " [  0.         0.         0.        -1.407081  -1.407081  -1.876108]\n",
      " [  0.        -0.         0.        -1.322518  -1.322518  -1.763358]\n",
      " [  0.         0.         0.        -0.748207  -0.748207  -0.997609]\n",
      " [  0.         0.        -0.        -0.589576  -0.589576  -0.786102]\n",
      " [  0.        -0.         0.         1.303768   1.303768   1.738358]]\n",
      "\n",
      "Нормы столцов подматрицы [3, 6] x [3, 6]:\n",
      "[2.517172 2.517172 3.35623 ]\n",
      "\n",
      "макс. норма подматрицы в столбце № 2 подматрицы\n",
      "в столбце № 5 всей матрицы\n",
      "\n",
      "Меняем столбцы 3 и 5, получаем матрицу с переставленными столбцами:\n",
      "[[-68.381284  -9.417782 -10.148976 -30.710157 -47.498377 -18.016626]\n",
      " [  0.       -19.060572  -2.015635  -4.342915  -0.874615 -10.404901]\n",
      " [  0.         0.        14.762639  -4.770853  -3.57814   -3.57814 ]\n",
      " [  0.         0.         0.        -1.876108  -1.407081  -1.407081]\n",
      " [  0.        -0.         0.        -1.763358  -1.322518  -1.322518]\n",
      " [  0.         0.         0.        -0.997609  -0.748207  -0.748207]\n",
      " [  0.         0.        -0.        -0.786102  -0.589576  -0.589576]\n",
      " [  0.        -0.         0.         1.738358   1.303768   1.303768]]\n",
      "\n",
      "Матрица с зануленным столбцом 3:\n",
      "[[-68.381284  -9.417782 -10.148976 -30.710157 -47.498377 -18.016626]\n",
      " [  0.       -19.060572  -2.015635  -4.342915  -0.874615 -10.404901]\n",
      " [  0.         0.        14.762639  -4.770853  -3.57814   -3.57814 ]\n",
      " [  0.         0.         0.         3.35623    2.517172   2.517172]\n",
      " [  0.        -0.         0.         0.        -0.        -0.      ]\n",
      " [  0.         0.         0.        -0.        -0.        -0.      ]\n",
      " [  0.         0.        -0.        -0.         0.        -0.      ]\n",
      " [  0.        -0.         0.         0.        -0.         0.      ]]\n",
      "\n",
      "Преобразованная правая часть:\n",
      "[-184.173202  -11.515762    6.273882   10.110085    1.876646    3.776063\n",
      "    7.306129   13.412072]\n",
      "\n",
      "--------------------------------------------------\n",
      "Матрица до зануления столбца:\n",
      "[[-68.381284  -9.417782 -10.148976 -30.710157 -47.498377 -18.016626]\n",
      " [  0.       -19.060572  -2.015635  -4.342915  -0.874615 -10.404901]\n",
      " [  0.         0.        14.762639  -4.770853  -3.57814   -3.57814 ]\n",
      " [  0.         0.         0.         3.35623    2.517172   2.517172]\n",
      " [  0.        -0.         0.         0.        -0.        -0.      ]\n",
      " [  0.         0.         0.        -0.        -0.        -0.      ]\n",
      " [  0.         0.        -0.        -0.         0.        -0.      ]\n",
      " [  0.        -0.         0.         0.        -0.         0.      ]]\n",
      "\n",
      "Нормы столцов подматрицы [4, 6] x [4, 6]:\n",
      "[0. 0.]\n",
      "\n",
      "макс. норма подматрицы в столбце № 0 подматрицы\n",
      "в столбце № 4 всей матрицы\n",
      "\n",
      "rank(A|b) > rank(A)\n",
      "Матрица R\n",
      "[[-68.381284  -9.417782 -10.148976 -30.710157 -47.498377 -18.016626]\n",
      " [  0.       -19.060572  -2.015635  -4.342915  -0.874615 -10.404901]\n",
      " [  0.         0.        14.762639  -4.770853  -3.57814   -3.57814 ]\n",
      " [  0.         0.         0.         3.35623    2.517172   2.517172]\n",
      " [  0.        -0.         0.         0.        -0.        -0.      ]\n",
      " [  0.         0.         0.        -0.        -0.        -0.      ]\n",
      " [  0.         0.        -0.        -0.         0.        -0.      ]\n",
      " [  0.        -0.         0.         0.        -0.         0.      ]]\n",
      "\n",
      "Преобразованная правая часть\n",
      "[-184.173202  -11.515762    6.273882   10.110085    1.876646    3.776063\n",
      "    7.306129   13.412072]\n",
      "\n",
      "Полученное решение x\n",
      "[ 1.164611  0.        3.012334  0.       -0.230076  1.398482]\n",
      "\n",
      "Норма невязки\n",
      "251.043643\n",
      "\n"
     ]
    }
   ],
   "source": [
    "_, R, b_, PI, rank = householder_transform(A, b_f, True)\n",
    "x_ = solve(R, b_, rank)\n",
    "ro = get_ro(R, x_, b_, rank)\n",
    "print('rank(A|b) > rank(A)')\n",
    "print('Матрица R')\n",
    "print_r(R)\n",
    "print('Преобразованная правая часть')\n",
    "print_r(b_)\n",
    "print('Полученное решение x')\n",
    "print_r(PI @ x_)\n",
    "print('Норма невязки')\n",
    "print_r(ro)"
   ]
  },
  {
   "cell_type": "markdown",
   "metadata": {},
   "source": [
    "#### 4. Вычисление в явном виде матрицы Q"
   ]
  },
  {
   "cell_type": "code",
   "execution_count": 21,
   "metadata": {},
   "outputs": [
    {
     "name": "stdout",
     "output_type": "stream",
     "text": [
      "Матрица A\n",
      "[[ 0.  1.  4.  9.  0.]\n",
      " [ 1.  0.  1.  4.  8.]\n",
      " [ 4.  1.  0.  1.  1.]\n",
      " [ 9.  4.  1.  0.  9.]\n",
      " [16.  9.  4.  1.  9.]\n",
      " [25. 16.  9.  4.  9.]\n",
      " [36. 25. 16.  9.  4.]]\n",
      "\n",
      "Вектор b для задачи с точным решением\n",
      "[14. 14.  7. 23. 39. 63. 90.]\n",
      "\n"
     ]
    }
   ],
   "source": [
    "N = 5\n",
    "M = N + 2\n",
    "A = create_A(M, N, True)\n",
    "x = np.array([1 for i in range(N)])\n",
    "b = A @ x\n",
    "\n",
    "print('Матрица A')\n",
    "print_r(A)\n",
    "print('Вектор b для задачи с точным решением')\n",
    "print_r(b)"
   ]
  },
  {
   "cell_type": "code",
   "execution_count": 22,
   "metadata": {},
   "outputs": [
    {
     "name": "stdout",
     "output_type": "stream",
     "text": [
      "Матрица Q\n",
      "[[ 0.       -0.        0.86762   0.127974  0.157811 -0.048349 -0.451238]\n",
      " [-0.020966 -0.606531  0.391092 -0.21308  -0.119678  0.109811  0.637921]\n",
      " [-0.083863  0.005137  0.02026   0.929756 -0.112141  0.243248  0.237356]\n",
      " [-0.188691 -0.51783  -0.149966  0.172467 -0.442923 -0.580992 -0.332086]\n",
      " [-0.335451 -0.371592 -0.192349  0.109464  0.831226 -0.089392 -0.038513]\n",
      " [-0.524142 -0.183573 -0.081582 -0.161657 -0.233597  0.689805 -0.358314]\n",
      " [-0.754765  0.438368  0.166519 -0.076893 -0.080699 -0.324131  0.304875]]\n",
      "\n",
      "Матрица R\n",
      "[[-47.69696  -12.705212  -9.392632 -18.344985 -31.113094]\n",
      " [  0.       -12.750591   0.418442   2.751004   2.611523]\n",
      " [  0.         0.        10.373204   4.872282   1.414547]\n",
      " [  0.         0.        -0.        -1.77606   -1.77606 ]\n",
      " [  0.         0.         0.        -0.        -0.      ]\n",
      " [  0.         0.         0.        -0.         0.      ]\n",
      " [  0.         0.        -0.         0.         0.      ]]\n",
